291 499
0.002361 0.000293 6.1e-005
0.004455 -0.000916 -7e-006
0.005 -0.000833 -1.1e-005
0.004211 0.00049 5e-005
0.002361 0.000286 -0.00014
0.004211 0.000482 -0.00015
0.004999 -0.000831 -9.2e-005
0.004454 -0.000914 -8.8e-005
0.004612 0.000773 -0.001566
0.00422 0.000714 -0.001552
0.003938 0.000702 1.8e-005
0.004056 0.000668 -0.000784
0.004617 0.00074 -0.001574
0.00463 0.000796 0.001591
0.004252 0.000711 -4e-006
0.004623 0.000838 0.001599
0.004243 0.00078 0.00159
0.003084 0.000534 0.000222
0.00425 0.000737 0.001582
0.003078 0.000577 0.000231
0.003093 0.000532 -0.000266
0.003093 0.000534 2e-005
0.004225 0.00068 -0.00156
0.003088 0.000565 -0.000258
0.004246 0.000748 -6e-006
0.003962 0.000668 4.1e-005
0.001342 0.000478 0.004137
0.001343 0.00048 0.004265
0.001767 0.000543 0.004134
0.001767 0.000545 0.004262
0.001902 0.000154 0.004369
0.001837 0.000213 0.004297
0.001254 0.00036 -0.004145
0.001253 0.000357 -0.004273
0.001678 0.000422 -0.004276
0.001678 0.000425 -0.004148
0.001812 2.7e-005 -0.004369
0.001748 8.9e-005 -0.004299
0.000411 0.000576 -0.003071
0.000412 0.000578 -0.002948
0.000415 0.000391 -0.003068
0.000416 0.000393 -0.002944
-0.00046 0.000411 -0.002965
-0.000459 0.00041 -0.00304
-0.000689 0.000494 0.001542
-0.000688 0.000497 0.001665
-0.000685 0.000309 0.001545
-0.000684 0.000311 0.001669
-0.001564 0.000329 0.001648
-0.001559 0.000328 0.001573
0.000458 0.000692 0.002787
0.000458 0.000695 0.002911
0.000462 0.000507 0.00279
0.000462 0.000509 0.002914
-0.000418 0.000527 0.002893
-0.000413 0.000526 0.002818
-0.000705 0.00043 -0.00179
-0.000705 0.000432 -0.001666
-0.000701 0.000244 -0.001786
-0.000701 0.000246 -0.001662
-0.001576 0.000265 -0.001683
-0.001575 0.000263 -0.001758
-0.000366 0.000556 -0.000817
-0.000425 0.000433 -0.000836
-0.000419 0.000435 -0.000777
-0.000169 0.000624 0.001233
-0.000228 0.000502 0.001257
-0.000224 0.000502 0.001198
-0.000202 0.000573 -0.001237
-0.000261 0.00045 -0.001257
-0.000256 0.000452 -0.001198
0.000286 0.000601 0.002092
0.000227 0.000479 0.002117
0.000231 0.000479 0.002058
0.000249 0.000503 -0.002107
0.000189 0.00038 -0.002127
0.000194 0.000383 -0.002068
0.000457 0.000486 -0.002594
0.000397 0.000363 -0.002614
0.000401 0.000366 -0.002555
-0.003504 -0.00044 0.000442
-0.003889 -0.000828 0.000158
-0.004057 -0.000827 -7.1e-005
-0.004002 -0.000874 2.7e-005
-0.003766 -0.000748 -0.00017
-0.003341 -0.0004 -0.000411
-0.004146 -0.000503 -0.000326
-0.003946 -0.000166 -0.000348
-0.003186 -0.000124 -0.000451
-0.004015 2.1e-005 -0.000156
-0.003409 9.1e-005 -0.000317
-0.003373 0.00011 0.000344
-0.003772 5.4e-005 0.000309
-0.003874 -0.000287 0.000461
-0.002875 -0.000184 0.000501
-0.003752 -0.000697 0.0003
-0.002766 -0.00069 0.0002
-0.002863 -0.000775 7.6e-005
-0.002952 -0.000763 -8.4e-005
-0.003033 -0.000633 -0.000242
-0.002363 -0.000243 -0.00045
-0.002976 0.000258 -0.000218
-0.003447 0.000222 -4.4e-005
-0.003612 0.000189 5.2e-005
-0.002375 0.000413 -4.3e-005
-0.002888 0.000316 0.00016
-0.003174 -1.4e-005 0.000462
-0.00201 -4.6e-005 0.000495
-0.002377 -0.000278 0.000463
-0.001766 -0.000148 0.000454
-0.002023 -0.000485 0.000299
-0.00214 -0.000634 0.000151
-0.00171 -0.000551 0.00013
-0.002138 -0.000674 -1.3e-005
-0.001706 -0.000579 -2.8e-005
-0.002155 -0.000554 -0.000214
-0.001763 -0.000376 -0.00029
-0.00178 -0.00012 -0.000437
-0.001905 8.2e-005 -0.000459
-0.002224 0.000251 -0.000371
-0.002103 0.000403 -0.000198
-0.00258 0.000278 0.000325
-0.002028 0.000285 0.00039
-0.002177 9.6e-005 0.000482
-0.000837 4.4e-005 0.000365
-0.000866 -0.000291 0.00011
-0.00086 -0.000318 -2.4e-005
-0.001722 -0.000516 -0.000145
-0.000869 -0.000223 -0.000176
-0.000934 0.000186 -0.000397
-0.001861 0.000461 0.000165
-0.000993 0.00036 0.000368
-0.00087 0.000207 0.000403
0.000185 0.000375 0.000401
-0.000806 -0.000149 0.000244
-0.000422 -0.000209 0.000108
-0.00044 -0.000238 3.5e-005
-0.000463 -9e-005 -0.000229
-0.000433 -0.000217 -8.5e-005
-0.000855 2.4e-005 -0.000348
-0.000338 0.00025 -0.000394
-0.000943 0.000336 -0.000368
-0.000982 0.00045 -0.000299
-0.000962 0.00055 -0.000173
-0.000992 0.00059 -2e-006
-0.00096 0.000559 0.000166
-0.000964 0.000467 0.000296
0.001291 0.000366 0.000348
4.3e-005 -1.5e-005 0.000245
0.001219 2.4e-005 6.7e-005
0.001143 5.9e-005 0.00014
0.001075 -1.3e-005 -2e-006
0.001245 2.5e-005 -7.1e-005
0.001087 5.9e-005 -0.000162
0.001 0.000201 -0.000292
0.000118 0.000191 -0.000364
0.000592 0.000498 -0.000402
0.000914 0.000649 -0.000363
0.000737 0.000734 -0.000293
0.000423 0.000771 -0.00018
0.001098 0.000881 -0.000106
0.000129 0.000765 -4.6e-005
0.000445 0.000809 7.3e-005
0.00042 0.000745 0.000216
0.000143 0.000509 0.000372
0.000375 0.000645 0.000316
0.00128 0.000527 0.000381
0.001256 0.000164 0.00023
0.001764 0.000439 -0.000367
0.00178 0.000587 -0.000383
0.001159 0.000872 0.000123
0.001535 0.000821 0.000248
0.001434 0.000679 0.000345
0.002369 0.000556 0.000321
0.002695 0.000208 -8.9e-005
0.001827 0.000767 -0.000313
0.001702 0.000875 -0.000192
0.001673 0.000925 0
0.002144 0.000881 0.000123
0.00228 0.000776 0.000258
0.003093 0.000486 0.000233
0.003451 0.000647 0.000223
0.002767 0.000312 0.000169
0.002971 0.000244 6.2e-005
0.002705 0.000189 -1.1e-005
0.002659 0.000307 -0.0002
0.003292 0.000519 -0.000261
0.003274 0.000655 -0.00027
0.003212 0.000787 -0.000204
0.003499 0.000847 -3.8e-005
0.004282 0.000474 5.3e-005
0.004144 0.000473 -0.000122
0.003694 0.000781 0.000117
-0.004142 -0.000503 0.000401
-0.004633 -0.000773 0.000118
-0.004742 -0.000472 -0.000209
-0.00467 -0.000228 -0.000137
-0.004667 -0.00015 8.2e-005
-0.00462 -0.000234 0.000264
-0.00465 -0.000446 0.000331
-0.005056 -0.00047 6.4e-005
0.004609 0.000708 -0.000124
0.004429 0.000609 0.000109
0.004427 0.000457 -3.6e-005
0.000139 0.000829 0.002852
-0.000642 0.000516 0.002819
-0.00069 0.000763 0.002837
-0.000433 0.000637 0.003064
-0.000409 0.00045 0.002814
-0.000439 0.000667 0.002639
-0.000465 0.000853 0.002952
-0.000385 0.00088 0.002759
-6.2e-005 0.000549 0.002756
5.4e-005 0.000843 0.002983
9.2e-005 0.000624 0.002927
5.7e-005 0.000781 0.002694
-0.000658 0.000653 0.002727
-0.000632 0.000627 0.002985
-1.8e-005 0.000602 0.002807
-0.000161 0.000741 0.002704
-0.000179 0.000858 0.002848
-0.000127 0.00066 0.002999
-0.000988 0.000595 0.001615
-0.001635 0.000626 0.001731
-0.001784 0.000402 0.001739
-0.001391 0.000283 0.001561
-0.001578 0.000393 0.001394
-0.001618 0.000673 0.001527
-0.001577 0.000399 0.001817
-0.001227 0.000539 0.001409
-0.001224 0.000468 0.001792
-0.001084 0.0007 0.001658
-0.00095 0.000497 0.0015
-0.001799 0.000333 0.001542
-0.001807 0.00054 0.001504
-0.00129 0.000441 0.001728
-0.001267 0.000386 0.001549
-0.001308 0.000567 0.00146
-0.001319 0.000645 0.001679
-0.00099 0.000501 -0.001731
-0.001788 0.000247 -0.00176
-0.001583 0.000267 -0.001552
-0.001482 0.000529 -0.001919
-0.001632 0.000613 -0.001768
-0.001621 0.000545 -0.001568
-0.001477 0.00027 -0.001903
-0.001082 0.000365 -0.001617
-0.00103 0.000544 -0.001835
-0.001149 0.000634 -0.001658
-0.001905 0.000476 -0.001795
-0.001811 0.000378 -0.001595
-0.001287 0.000297 -0.001731
-0.001324 0.000476 -0.001873
-0.001342 0.00059 -0.001753
-0.001322 0.000502 -0.001586
-0.00071 0.000637 -0.002965
-0.000702 0.000471 -0.002883
-0.000499 0.000541 -0.002787
-0.00046 0.000335 -0.003085
-0.000504 0.000658 -0.003199
-0.000516 0.000761 -0.002976
-0.000141 0.000695 -0.003196
-0.000141 0.000599 -0.002802
-9e-006 0.000777 -0.002986
4.7e-005 0.000499 -0.003102
0.000133 0.000581 -0.002908
-0.000699 0.000415 -0.003071
-0.000692 0.000583 -0.003129
-0.000186 0.000475 -0.00294
-0.000186 0.000503 -0.003128
-0.000221 0.00071 -0.003103
-0.000206 0.000676 -0.002874
0.000126 0.000648 -0.003013
0.001844 0.000555 0.00423
0.001289 0.000466 0.004261
0.001299 0.000401 0.004296
0.001854 0.00049 0.004265
-0.002796 0.000247 1.9e-005
-0.002768 6.4e-005 2.2e-005
0.001135 0.000358 -0.004249
0.001148 0.000268 -0.004289
0.001773 0.000456 -0.004253
0.001787 0.000365 -0.004294
0.000221 0.000494 -0.001877
0.00024 0.000367 -0.001863
-0.000299 0.000617 -0.000391
-0.000271 0.000434 -0.000385
-0.000296 0.000632 0.000395
-0.000268 0.000449 0.000396
0.000178 0.000565 0.001776
0.000202 0.000408 0.00178
0 1 2
3 0 2
4 5 6
7 4 6
0 3 5
5 4 0
6 3 2
3 6 5
2 1 7
7 6 2
1 0 4
4 7 1
8 9 10
12 11 22
24 14 8
17 18 16
22 23 9
24 10 16
25 14 13
22 11 20
25 17 21
17 16 19
18 15 16
15 18 13
22 9 12
9 8 12
23 22 20
10 19 16
17 25 18
24 13 14
13 24 15
14 12 8
19 20 21
20 19 23
19 21 17
10 23 19
10 9 23
8 10 24
15 24 16
25 13 18
25 12 14
11 12 25
11 25 21
11 21 20
27 26 31
28 29 30
31 28 30
26 27 29
29 28 26
30 27 31
27 30 29
31 26 28
32 33 37
34 35 36
35 37 36
33 32 34
35 34 32
33 36 37
36 33 34
32 37 35
38 43 42
39 38 42
40 41 42
43 40 42
38 39 41
41 40 38
39 42 41
43 38 40
44 49 48
45 44 48
46 47 48
49 46 48
44 45 47
47 46 44
45 48 47
49 44 46
50 55 54
51 50 54
52 53 54
55 52 54
50 51 53
53 52 50
51 54 53
55 50 52
56 61 60
57 56 60
58 59 60
61 58 60
56 57 59
59 58 56
57 60 59
61 56 58
62 64 63
63 64 62
67 65 66
67 66 65
68 70 69
69 70 68
73 71 72
73 72 71
74 76 75
75 76 74
77 79 78
78 79 77
93 193 80
80 193 95
98 83 82
83 97 81
84 99 98
84 98 82
86 84 82
84 85 99
86 85 84
86 88 85
87 88 86
88 87 90
89 90 87
102 89 103
90 89 102
103 89 197
92 103 197
106 92 93
91 92 106
80 94 93
108 94 80
108 80 95
108 95 110
96 95 81
97 96 81
96 110 95
98 97 83
85 100 99
85 88 100
88 90 119
119 90 101
101 90 102
104 101 102
102 105 104
105 102 103
105 103 92
92 91 105
91 121 105
106 121 91
106 93 94
106 94 123
108 107 94
109 107 108
109 108 110
111 110 96
97 111 96
110 111 112
113 111 97
98 113 97
113 112 111
113 114 112
98 115 113
99 115 98
115 116 127
115 114 113
114 115 127
100 115 99
100 117 116
100 116 115
100 118 117
88 118 100
88 119 118
119 101 120
104 120 101
130 104 105
121 130 105
130 121 122
122 121 106
123 122 106
123 94 107
132 107 109
132 109 124
124 109 134
134 109 110
125 110 112
110 125 134
114 126 112
126 125 112
114 127 126
128 127 116
126 127 128
116 139 128
117 139 116
117 129 139
118 129 117
129 118 141
141 118 119
141 119 142
142 120 143
120 142 119
104 143 120
144 143 104
130 144 104
145 144 130
146 130 122
146 145 130
122 131 146
123 131 122
123 132 131
107 132 123
132 124 133
148 124 134
135 134 125
135 125 136
135 148 134
126 136 125
136 126 138
136 138 151
136 151 135
138 126 128
138 128 137
139 137 128
137 139 155
140 139 129
140 155 139
129 141 140
140 141 156
142 156 141
142 143 158
143 161 159
161 143 144
144 162 161
145 163 162
145 162 144
146 165 163
146 163 145
146 131 164
146 164 165
164 131 132
133 164 132
133 124 147
147 124 148
147 148 167
150 148 135
150 135 149
150 167 148
151 149 135
151 138 152
138 153 152
137 153 138
137 154 153
137 155 154
140 156 168
140 168 155
157 156 142
158 157 142
158 143 159
160 159 161
160 161 162
164 133 166
147 166 133
168 154 155
169 168 156
169 156 157
175 157 158
169 157 175
158 159 160
176 158 160
175 158 176
160 177 176
160 162 170
177 160 170
163 170 162
170 171 177
163 171 170
165 171 163
165 172 171
164 172 165
164 166 172
147 173 166
147 167 182
147 182 180
173 147 180
183 167 150
167 183 182
149 183 150
151 184 149
184 183 149
184 152 174
152 184 151
174 152 153
174 153 185
185 153 154
154 168 185
187 169 175
188 175 176
189 176 177
188 176 189
171 178 177
178 189 177
171 179 178
172 179 171
172 173 179
166 173 172
181 173 180
203 184 174
184 203 183
191 174 185
203 174 191
186 185 168
186 191 185
169 186 168
187 186 169
188 187 175
178 192 189
179 192 178
192 179 181
181 179 173
180 202 181
202 180 190
190 180 182
182 183 190
203 190 183
201 186 187
186 201 191
201 187 188
201 188 189
193 93 199
193 194 95
199 194 193
95 194 81
83 81 194
86 195 87
87 195 196
196 89 87
197 89 196
197 198 92
198 93 92
93 198 199
82 194 195
83 194 82
82 195 86
200 198 197
200 194 199
194 200 195
196 195 200
196 200 197
200 199 198
202 190 203
191 201 203
192 201 189
192 181 202
192 202 201
203 201 202
217 205 208
207 217 208
205 216 209
208 205 209
209 216 211
216 206 211
211 206 210
206 217 207
210 206 207
213 207 214
207 208 214
214 208 212
208 209 212
212 209 215
209 211 215
211 210 213
210 207 213
215 211 213
214 212 215
205 217 221
218 205 221
216 218 219
216 205 218
206 216 219
206 219 220
217 220 221
217 206 220
221 204 218
219 218 204
220 219 204
221 220 204
224 233 225
228 224 225
225 233 226
233 234 226
226 234 227
234 223 227
223 224 228
230 228 225
225 226 229
226 227 229
229 227 231
227 223 231
223 228 230
231 223 230
231 230 232
230 225 232
225 229 232
229 231 232
223 234 224
224 235 236
233 224 236
234 236 237
234 233 236
234 237 238
224 234 238
235 224 238
236 235 222
237 236 222
238 237 222
235 238 222
250 240 241
245 241 240
240 249 245
245 249 242
242 249 243
243 249 244
249 250 244
250 241 244
245 246 241
242 243 248
243 244 248
244 241 246
244 246 248
245 242 247
247 242 248
246 245 247
250 254 251
240 250 251
240 251 252
249 240 252
249 252 253
249 253 254
250 249 254
251 254 239
252 251 239
253 252 239
254 253 239
257 256 258
256 266 258
266 267 259
258 266 259
267 255 260
259 267 260
255 256 257
260 255 257
260 257 262
257 258 262
262 258 264
264 258 261
258 259 261
259 260 261
261 260 263
263 260 262
262 264 265
264 261 263
263 262 265
256 271 268
269 266 268
266 256 268
267 266 269
267 269 270
255 270 271
255 267 270
256 255 271
268 271 272
269 268 272
270 269 272
271 270 272
273 274 275
276 273 275
274 277 278
275 274 278
277 279 280
278 277 280
279 281 282
280 279 282
281 283 284
282 281 284
283 285 286
284 283 286
285 287 288
286 285 288
287 289 290
288 287 290
289 273 276
289 276 290
281 279 283
279 277 283
283 277 285
274 273 289
277 274 289
287 277 289
285 277 287
280 282 284
278 280 284
278 284 286
276 275 290
275 278 290
278 288 290
278 286 288
